15 15 40
-2.0 2.0 -2.0 2.0
-0.62772 0.42193

 0    0    0    0    0    0    0    1    0    0    0    0    0    0    0
 0    0    0    0    1    1    1    1    1    1    1    0    0    0    0
 0    0    0    1    1    1    1    1    1    1    1    1    0    0    0
 0    0    1    1    2    2    2    2    1    1    1    1    1    0    0
 0    1    1    2    2    3    4    5    3    2    2    1    1    1    0
 0    1    2    4    6    8   40   40    4    3    2    2    1    1    0
 0    1    7   40   40   40   40   13    7    6    5    2    2    1    0
 1    1    2    5    9   40   40   40   40   40    9    5    2    1    1
 0    1    2    2    5    6    7   13   40   40   40   40    7    1    0
 0    1    1    2    2    3    4   40   40    8    6    4    2    1    0
 0    1    1    1    2    2    3    5    4    3    2    2    1    1    0
 0    0    1    1    1    1    1    2    2    2    2    1    1    0    0
 0    0    0    1    1    1    1    1    1    1    1    1    0    0    0
 0    0    0    0    1    1    1    1    1    1    1    0    0    0    0
 0    0    0    0    0    0    0    1    0    0    0    0    0    0    0
