15 15 40
-2.0 2.0 -2.0 2.0
0.0 0.0

 1    1    1    1    1    1    1    2    1    1    1    1    1    1    1
 1    1    1    1    2    2    2    2    2    2    2    1    1    1    1
 1    1    1    2    2    2    2    2    2    2    2    2    1    1    1
 1    1    2    3    3    3    4    4    2    2    2    2    2    1    1
 1    2    3    3    4    4   12   16    4    3    2    2    2    2    1
 1    3    3    4    5   34   40   40   40    3    2    2    2    2    1
 1    4    5   30   10   40   40   40   40    4    3    2    2    2    1
15   40   40   40   40   40   40   40   15    4    3    2    2    2    2
 1    4    5   30   10   40   40   40   40    4    3    2    2    2    1
 1    3    3    4    5   34   40   40   40    3    2    2    2    2    1
 1    2    3    3    4    4   12   16    4    3    2    2    2    2    1
 1    1    2    3    3    3    4    4    2    2    2    2    2    1    1
 1    1    1    2    2    2    2    2    2    2    2    2    1    1    1
 1    1    1    1    2    2    2    2    2    2    2    1    1    1    1
 1    1    1    1    1    1    1    2    1    1    1    1    1    1    1
